   1.8500000000000000e+01   9.9999999999999991e-22
   1.9482482482482499e+01   4.8007781114447696e-19
   2.0464964964964999e+01   1.1849675744710201e-18
   2.1447447447447399e+01   1.9151283007145098e-18
   2.2429929929929902e+01   2.6415216423319900e-18
   2.3412412412412401e+01   3.3727549043296202e-18
   2.4394894894894900e+01   4.1106782989886399e-18
   2.5377377377377400e+01   4.8530304557430998e-18
   2.6359859859859899e+01   5.5982607204906102e-18
   2.7342342342342299e+01   6.3455585240412801e-18
   2.8324824824824798e+01   7.1103853757972498e-18
   2.9307307307307301e+01   7.8752122275532203e-18
   3.0289789789789801e+01   8.6137390459424996e-18
   3.1272272272272300e+01   9.2894001541771701e-18
   3.2254754754754799e+01   9.9650612624118407e-18
   3.3237237237237203e+01   1.0640722370646500e-17
   3.4219719719719699e+01   1.1316383478881200e-17
   3.5202202202202201e+01   1.1947907332620000e-17
   3.6184684684684697e+01   1.2409109454281899e-17
   3.7167167167167200e+01   1.2870311575943799e-17
   3.8149649649649596e+01   1.3331513697605601e-17
   3.9132132132132099e+01   1.3792715819267500e-17
   4.0114614614614602e+01   1.4240467191329301e-17
   4.1097097097097098e+01   1.4586368782575701e-17
   4.2079579579579601e+01   1.4932270373822100e-17
   4.3062062062061997e+01   1.5278171965068500e-17
   4.4044544544544500e+01   1.5624073556314900e-17
   4.5027027027027003e+01   1.5967437713575600e-17
   4.6009509509509499e+01   1.6221098880489699e-17
   4.6991991991992002e+01   1.6474760047403699e-17
   4.7974474474474498e+01   1.6728421214317800e-17
   4.8956956956956901e+01   1.6982082381231800e-17
   4.9939439439439397e+01   1.7235743548145800e-17
   5.0921921921921900e+01   1.7402850022436201e-17
   5.1904404404404403e+01   1.7564270765017899e-17
   5.2886886886886899e+01   1.7725691507599601e-17
   5.3869369369369302e+01   1.7887112250181201e-17
   5.4851851851851798e+01   1.8048532992762899e-17
   5.5834334334334301e+01   1.8190370853612199e-17
   5.6816816816816797e+01   1.8328731490110799e-17
   5.7799299299299300e+01   1.8467092126609399e-17
   5.8781781781781802e+01   1.8605452763107900e-17
   5.9764264264264199e+01   1.8743813399606500e-17
   6.0746746746746702e+01   1.8838356310333301e-17
   6.1729229229229198e+01   1.8919066681624199e-17
   6.2711711711711700e+01   1.8999777052914999e-17
   6.3694194194194203e+01   1.9080487424205799e-17
   6.4676676676676607e+01   1.9161197795496599e-17
   6.5659159159159103e+01   1.9241908166787501e-17
   6.6641641641641598e+01   1.9322618538078301e-17
   6.7624124124124094e+01   1.9403328909369101e-17
   6.8606606606606604e+01   1.9484039280659999e-17
   6.9589089089089001e+01   1.9564749651950799e-17
   7.0571571571571496e+01   1.9625336762049400e-17
   7.1554054054054006e+01   1.9671456974215600e-17
   7.2536536536536502e+01   1.9717577186381800e-17
   7.3519019019018998e+01   1.9763697398548000e-17
   7.4501501501501494e+01   1.9809817610714200e-17
   7.5483983983983904e+01   1.9855937822880400e-17
   7.6466466466466400e+01   1.9902058035046499e-17
   7.7448948948948896e+01   1.9948178247212699e-17
   7.8431431431431406e+01   1.9994298459378899e-17
   7.9413913913913902e+01   2.0040418671545099e-17
   8.0396396396396298e+01   2.0077234959097001e-17
   8.1378878878878794e+01   2.0100295065180099e-17
   8.2361361361361304e+01   2.0123355171263201e-17
   8.3343843843843800e+01   2.0146415277346299e-17
   8.4326326326326296e+01   2.0169475383429401e-17
   8.5308808808808806e+01   2.0192535489512499e-17
   8.6291291291291202e+01   2.0215595595595601e-17
   8.7273773773773698e+01   2.0238655701678699e-17
   8.8256256256256194e+01   2.0261715807761801e-17
   8.9238738738738704e+01   2.0284775913844899e-17
   9.0221221221221199e+01   2.0305239849044499e-17
   9.1203703703703695e+01   2.0316769902086001e-17
   9.2186186186186106e+01   2.0328299955127499e-17
   9.3168668668668602e+01   2.0339830008169099e-17
   9.4151151151151097e+01   2.0351360061210601e-17
   9.5133633633633593e+01   2.0362890114252201e-17
   9.6116116116116103e+01   2.0374420167293699e-17
   9.7098598598598500e+01   2.0385950220335299e-17
   9.8081081081080995e+01   2.0397480273376801e-17
   9.9063563563563505e+01   2.0409010326418401e-17
   1.0004604604604600e+02   2.0420000000000001e-17
   1.0102852852852800e+02   2.0420000000000001e-17
   1.0201101101101101e+02   2.0420000000000001e-17
   1.0299349349349301e+02   2.0420000000000001e-17
   1.0397597597597600e+02   2.0420000000000001e-17
   1.0495845845845800e+02   2.0420000000000001e-17
   1.0594094094094100e+02   2.0420000000000001e-17
   1.0692342342342300e+02   2.0420000000000001e-17
   1.0790590590590600e+02   2.0420000000000001e-17
   1.0888838838838799e+02   2.0420000000000001e-17
   1.0987087087087100e+02   2.0420000000000001e-17
   1.1085335335335300e+02   2.0409985358922099e-17
   1.1183583583583599e+02   2.0398455305880600e-17
   1.1281831831831801e+02   2.0386925252839099e-17
   1.1380080080080100e+02   2.0375395199797499e-17
   1.1478328328328300e+02   2.0363865146756001e-17
   1.1576576576576601e+02   2.0352335093714400e-17
   1.1674824824824800e+02   2.0340805040672899e-17
   1.1773073073073100e+02   2.0329274987631299e-17
   1.1871321321321300e+02   2.0317744934589801e-17
   1.1969569569569600e+02   2.0306214881548200e-17
   1.2067817817817800e+02   2.0282746554025300e-17
   1.2166066066066099e+02   2.0253921421421400e-17
   1.2264314314314301e+02   2.0225096288817601e-17
   1.2362562562562600e+02   2.0196271156213701e-17
   1.2460810810810800e+02   2.0167446023609801e-17
   1.2559059059059101e+02   2.0138620891006000e-17
   1.2657307307307300e+02   2.0109795758402100e-17
   1.2755555555555500e+02   2.0080970625798200e-17
   1.2853803803803800e+02   2.0052145493194401e-17
   1.2952052052051999e+02   2.0023320360590501e-17
   1.3050300300300299e+02   1.9994495227986601e-17
   1.3148548548548499e+02   1.9965670095382701e-17
   1.3246796796796801e+02   1.9936844962778900e-17
   1.3345045045045001e+02   1.9908019830175000e-17
   1.3443293293293300e+02   1.9879194697571100e-17
   1.3541541541541500e+02   1.9850369564967301e-17
   1.3639789789789799e+02   1.9821544432363401e-17
   1.3738038038037999e+02   1.9792719299759501e-17
   1.3836286286286301e+02   1.9763894167155700e-17
   1.3934534534534501e+02   1.9735069034551800e-17
   1.4032782782782800e+02   1.9706243901947900e-17
   1.4131031031031000e+02   1.9677418769344101e-17
   1.4229279279279299e+02   1.9648593636740201e-17
   1.4327527527527499e+02   1.9619768504136301e-17
   1.4425775775775799e+02   1.9590943371532500e-17
   1.4524024024024001e+02   1.9562118238928600e-17
   1.4622272272272301e+02   1.9533293106324700e-17
   1.4720520520520500e+02   1.9504467973720898e-17
   1.4818768768768800e+02   1.9475642841117002e-17
   1.4917017017017000e+02   1.9446817708513101e-17
   1.5015265265265299e+02   1.9417992575909300e-17
   1.5113513513513499e+02   1.9389167443305400e-17
   1.5211761761761801e+02   1.9360342310701500e-17
   1.5310010010010001e+02   1.9331517178097600e-17
   1.5408258258258201e+02   1.9302692045493798e-17
   1.5506506506506500e+02   1.9273866912889902e-17
   1.5604754754754700e+02   1.9245041780286002e-17
   1.5703003003002999e+02   1.9216216647682200e-17
   1.5801251251251199e+02   1.9187391515078300e-17
   1.5899499499499501e+02   1.9158566382474400e-17
   1.5997747747747701e+02   1.9129741249870599e-17
   1.6095995995996000e+02   1.9100916117266699e-17
   1.6194244244244200e+02   1.9072090984662798e-17
   1.6292492492492499e+02   1.9043265852059000e-17
   1.6390740740740699e+02   1.9014440719455100e-17
   1.6488988988988999e+02   1.8985615586851200e-17
   1.6587237237237201e+02   1.8956790454247399e-17
   1.6685485485485501e+02   1.8927965321643499e-17
   1.6783733733733700e+02   1.8899140189039599e-17
   1.6881981981982000e+02   1.8870315056435800e-17
   1.6980230230230200e+02   1.8841489923831900e-17
   1.7078478478478499e+02   1.8812664791228000e-17
   1.7176726726726699e+02   1.8783839658624100e-17
   1.7274974974975001e+02   1.8755014526020299e-17
   1.7373223223223201e+02   1.8726189393416399e-17
   1.7471471471471500e+02   1.8697364260812499e-17
   1.7569719719719700e+02   1.8668539128208700e-17
   1.7667967967967999e+02   1.8639713995604800e-17
   1.7766216216216199e+02   1.8610888863000900e-17
   1.7864464464464501e+02   1.8582063730397099e-17
   1.7962712712712701e+02   1.8553238597793199e-17
   1.8060960960960901e+02   1.8520836388112301e-17
   1.8159209209209200e+02   1.8486246228987599e-17
   1.8257457457457400e+02   1.8451656069862999e-17
   1.8355705705705699e+02   1.8417065910738301e-17
   1.8453953953953899e+02   1.8382475751613701e-17
   1.8552202202202201e+02   1.8347885592489101e-17
   1.8650450450450401e+02   1.8313295433364399e-17
   1.8748698698698701e+02   1.8278705274239800e-17
   1.8846946946946900e+02   1.8244115115115101e-17
   1.8945195195195200e+02   1.8209524955990501e-17
   1.9043443443443400e+02   1.8174934796865799e-17
   1.9141691691691699e+02   1.8140344637741200e-17
   1.9239939939939899e+02   1.8105754478616600e-17
   1.9338188188188201e+02   1.8071164319491901e-17
   1.9436436436436401e+02   1.8036574160367301e-17
   1.9534684684684700e+02   1.8001984001242600e-17
   1.9632932932932900e+02   1.7967393842118000e-17
   1.9731181181181199e+02   1.7932803682993301e-17
   1.9829429429429399e+02   1.7898213523868701e-17
   1.9927677677677701e+02   1.7863623364744101e-17
   2.0025925925925901e+02   1.7831467262664999e-17
   2.0124174174174200e+02   1.7806101145973599e-17
   2.0222422422422400e+02   1.7780735029282199e-17
   2.0320670670670700e+02   1.7755368912590799e-17
   2.0418918918918899e+02   1.7730002795899399e-17
   2.0517167167167199e+02   1.7704636679207999e-17
   2.0615415415415401e+02   1.7679270562516500e-17
   2.0713663663663701e+02   1.7653904445825100e-17
   2.0811911911911901e+02   1.7628538329133700e-17
   2.0910160160160100e+02   1.7603172212442300e-17
   2.1008408408408400e+02   1.7577806095750900e-17
   2.1106656656656600e+02   1.7552439979059500e-17
   2.1204904904904899e+02   1.7527073862368100e-17
   2.1303153153153099e+02   1.7501707745676701e-17
   2.1401401401401401e+02   1.7476341628985301e-17
   2.1499649649649601e+02   1.7450975512293901e-17
   2.1597897897897900e+02   1.7425609395602501e-17
   2.1696146146146100e+02   1.7400243278911101e-17
   2.1794394394394399e+02   1.7374877162219701e-17
   2.1892642642642599e+02   1.7349511045528301e-17
   2.1990890890890901e+02   1.7324144928836901e-17
   2.2089139139139101e+02   1.7298778812145501e-17
   2.2187387387387400e+02   1.7273412695454101e-17
   2.2285635635635600e+02   1.7248046578762701e-17
   2.2383883883883900e+02   1.7222680462071301e-17
   2.2482132132132099e+02   1.7197314345379901e-17
   2.2580380380380399e+02   1.7171948228688501e-17
   2.2678628628628601e+02   1.7146582111997101e-17
   2.2776876876876901e+02   1.7121215995305701e-17
   2.2875125125125101e+02   1.7095849878614301e-17
   2.2973373373373400e+02   1.7070483761922799e-17
   2.3071621621621600e+02   1.7045117645231399e-17
   2.3169869869869899e+02   1.7019751528539999e-17
   2.3268118118118099e+02   1.6994385411848599e-17
   2.3366366366366401e+02   1.6969019295157199e-17
   2.3464614614614601e+02   1.6943653178465799e-17
   2.3562862862862801e+02   1.6918287061774399e-17
   2.3661111111111100e+02   1.6892920945082999e-17
   2.3759359359359300e+02   1.6867554828391599e-17
   2.3857607607607599e+02   1.6842188711700199e-17
   2.3955855855855799e+02   1.6816822595008799e-17
   2.4054104104104101e+02   1.6791456478317399e-17
   2.4152352352352301e+02   1.6766090361625999e-17
   2.4250600600600600e+02   1.6740724244934599e-17
   2.4348848848848800e+02   1.6715358128243199e-17
   2.4447097097097100e+02   1.6689992011551799e-17
   2.4545345345345299e+02   1.6664625894860399e-17
   2.4643593593593599e+02   1.6639259778168999e-17
   2.4741841841841801e+02   1.6613893661477599e-17
   2.4840090090090101e+02   1.6588527544786199e-17
   2.4938338338338301e+02   1.6563161428094799e-17
   2.5036586586586600e+02   1.6538654044849501e-17
   2.5134834834834800e+02   1.6515593938766399e-17
   2.5233083083083099e+02   1.6492533832683301e-17
   2.5331331331331299e+02   1.6469473726600199e-17
   2.5429579579579601e+02   1.6446413620517101e-17
   2.5527827827827801e+02   1.6423353514433999e-17
   2.5626076076076100e+02   1.6400293408350901e-17
   2.5724324324324300e+02   1.6377233302267799e-17
   2.5822572572572602e+02   1.6354173196184701e-17
   2.5920820820820802e+02   1.6331113090101599e-17
   2.6019069069069099e+02   1.6308052984018501e-17
   2.6117317317317298e+02   1.6284992877935399e-17
   2.6215565565565498e+02   1.6261932771852301e-17
   2.6313813813813800e+02   1.6238872665769199e-17
   2.6412062062062000e+02   1.6215812559686101e-17
   2.6510310310310302e+02   1.6192752453602999e-17
   2.6608558558558502e+02   1.6169692347519901e-17
   2.6706806806806799e+02   1.6146632241436799e-17
   2.6805055055054999e+02   1.6123572135353800e-17
   2.6903303303303301e+02   1.6100512029270701e-17
   2.7001551551551501e+02   1.6077451923187600e-17
   2.7099799799799803e+02   1.6054391817104501e-17
   2.7198048048048003e+02   1.6031331711021400e-17
   2.7296296296296299e+02   1.6008271604938301e-17
   2.7394544544544499e+02   1.5985211498855200e-17
   2.7492792792792801e+02   1.5962151392772101e-17
   2.7591041041041001e+02   1.5939091286689000e-17
   2.7689289289289297e+02   1.5916031180605901e-17
   2.7787537537537497e+02   1.5892971074522800e-17
   2.7885785785785799e+02   1.5869910968439701e-17
   2.7984034034033999e+02   1.5846850862356600e-17
   2.8082282282282301e+02   1.5823790756273501e-17
   2.8180530530530501e+02   1.5800730650190400e-17
   2.8278778778778798e+02   1.5777670544107301e-17
   2.8377027027026998e+02   1.5754610438024200e-17
   2.8475275275275300e+02   1.5731550331941101e-17
   2.8573523523523500e+02   1.5708490225858000e-17
   2.8671771771771802e+02   1.5685430119774901e-17
   2.8770020020020002e+02   1.5662370013691901e-17
   2.8868268268268298e+02   1.5639309907608800e-17
   2.8966516516516498e+02   1.5616249801525701e-17
   2.9064764764764800e+02   1.5593189695442600e-17
   2.9163013013013000e+02   1.5570129589359501e-17
   2.9261261261261302e+02   1.5547069483276400e-17
   2.9359509509509502e+02   1.5524009377193301e-17
   2.9457757757757798e+02   1.5500949271110200e-17
   2.9556006006005998e+02   1.5477889165027101e-17
   2.9654254254254300e+02   1.5454829058944000e-17
   2.9752502502502500e+02   1.5431768952860901e-17
   2.9850750750750802e+02   1.5408708846777800e-17
   2.9948998998999002e+02   1.5385648740694701e-17
   3.0047247247247299e+02   1.5360740380227000e-17
   3.0145495495495601e+02   1.5333836923130000e-17
   3.0243743743743801e+02   1.5306933466033099e-17
   3.0341991991992103e+02   1.5280030008936099e-17
   3.0440240240240303e+02   1.5253126551839200e-17
   3.0538488488488599e+02   1.5226223094742200e-17
   3.0636736736736799e+02   1.5199319637645299e-17
   3.0734984984985101e+02   1.5172416180548299e-17
   3.0833233233233301e+02   1.5145512723451400e-17
   3.0931481481481597e+02   1.5118609266354499e-17
   3.1029729729729797e+02   1.5091705809257499e-17
   3.1127977977978099e+02   1.5064802352160600e-17
   3.1226226226226299e+02   1.5037898895063600e-17
   3.1324474474474601e+02   1.5010995437966699e-17
   3.1422722722722801e+02   1.4984091980869699e-17
   3.1520970970971098e+02   1.4957188523772800e-17
   3.1619219219219298e+02   1.4930285066675899e-17
   3.1717467467467600e+02   1.4903381609578899e-17
   3.1815715715715800e+02   1.4876478152482001e-17
   3.1913963963964102e+02   1.4849574695385000e-17
   3.2012212212212302e+02   1.4822671238288099e-17
   3.2110460460460598e+02   1.4795767781191099e-17
   3.2208708708708798e+02   1.4768864324094201e-17
   3.2306956956957100e+02   1.4741960866997200e-17
   3.2405205205205300e+02   1.4715057409900299e-17
   3.2503453453453602e+02   1.4688153952803401e-17
   3.2601701701701802e+02   1.4661250495706401e-17
   3.2699949949950098e+02   1.4634347038609499e-17
   3.2798198198198298e+02   1.4607443581512499e-17
   3.2896446446446600e+02   1.4580540124415601e-17
   3.2994694694694800e+02   1.4553636667318601e-17
   3.3092942942943102e+02   1.4533485436175101e-17
   3.3191191191191302e+02   1.4513719630961001e-17
   3.3289439439439599e+02   1.4493953825746901e-17
   3.3387687687687799e+02   1.4474188020532801e-17
   3.3485935935936101e+02   1.4454422215318700e-17
   3.3584184184184301e+02   1.4434656410104699e-17
   3.3682432432432603e+02   1.4414890604890599e-17
   3.3780680680680803e+02   1.4395124799676501e-17
   3.3878928928929099e+02   1.4375358994462401e-17
   3.3977177177177299e+02   1.4355593189248301e-17
   3.4075425425425601e+02   1.4335827384034299e-17
   3.4173673673673801e+02   1.4316061578820199e-17
   3.4271921921922097e+02   1.4296295773606099e-17
   3.4370170170170297e+02   1.4276529968391999e-17
   3.4468418418418599e+02   1.4256764163177901e-17
   3.4566666666666799e+02   1.4236998357963801e-17
   3.4664914914915101e+02   1.4217232552749800e-17
   3.4763163163163301e+02   1.4197466747535699e-17
   3.4861411411411598e+02   1.4177700942321599e-17
   3.4959659659659798e+02   1.4157935137107499e-17
   3.5057907907908100e+02   1.4138169331893399e-17
   3.5156156156156402e+02   1.4118403526679400e-17
   3.5254404404404602e+02   1.4098637721465300e-17
   3.5352652652652898e+02   1.4078871916251200e-17
   3.5450900900901098e+02   1.4059106111037099e-17
   3.5549149149149400e+02   1.4039340305822999e-17
   3.5647397397397600e+02   1.4019574500608899e-17
   3.5745645645645902e+02   1.3999808695394900e-17
   3.5843893893894102e+02   1.3980042890180800e-17
   3.5942142142142399e+02   1.3960277084966700e-17
   3.6040390390390598e+02   1.3940511279752600e-17
   3.6138638638638901e+02   1.3920745474538499e-17
   3.6236886886887100e+02   1.3900979669324501e-17
   3.6335135135135403e+02   1.3881213864110400e-17
   3.6433383383383602e+02   1.3861448058896300e-17
   3.6531631631631899e+02   1.3841682253682200e-17
   3.6629879879880099e+02   1.3821916448468100e-17
   3.6728128128128401e+02   1.3802150643254000e-17
   3.6826376376376601e+02   1.3782384838039999e-17
   3.6924624624624897e+02   1.3762619032825901e-17
   3.7022872872873103e+02   1.3742853227611800e-17
   3.7121121121121399e+02   1.3723087422397700e-17
   3.7219369369369599e+02   1.3703321617183600e-17
   3.7317617617617901e+02   1.3683555811969600e-17
   3.7415865865866101e+02   1.3663790006755500e-17
   3.7514114114114398e+02   1.3644024201541399e-17
   3.7612362362362597e+02   1.3624258396327301e-17
   3.7710610610610900e+02   1.3604492591113200e-17
   3.7808858858859099e+02   1.3584726785899100e-17
   3.7907107107107402e+02   1.3564960980685100e-17
   3.8005355355355601e+02   1.3545195175471000e-17
   3.8103603603603898e+02   1.3525429370256900e-17
   3.8201851851852098e+02   1.3505663565042799e-17
   3.8300100100100400e+02   1.3485897759828701e-17
   3.8398348348348600e+02   1.3466131954614701e-17
   3.8496596596596902e+02   1.3446366149400600e-17
   3.8594844844845102e+02   1.3426600344186500e-17
   3.8693093093093398e+02   1.3406834538972400e-17
   3.8791341341341598e+02   1.3387068733758300e-17
   3.8889589589589900e+02   1.3367302928544300e-17
   3.8987837837838100e+02   1.3347537123330199e-17
   3.9086086086086402e+02   1.3327771318116101e-17
   3.9184334334334602e+02   1.3308005512902000e-17
   3.9282582582582899e+02   1.3288239707687900e-17
   3.9380830830831098e+02   1.3268473902473800e-17
   3.9479079079079401e+02   1.3248708097259800e-17
   3.9577327327327600e+02   1.3228942292045700e-17
   3.9675575575575903e+02   1.3209176486831599e-17
   3.9773823823824102e+02   1.3189410681617501e-17
   3.9872072072072399e+02   1.3169644876403400e-17
   3.9970320320320701e+02   1.3149879071189400e-17
   4.0068568568568901e+02   1.3131032917975400e-17
   4.0166816816817197e+02   1.3112584833108900e-17
   4.0265065065065397e+02   1.3094136748242400e-17
   4.0363313313313699e+02   1.3075688663376000e-17
   4.0461561561561899e+02   1.3057240578509500e-17
   4.0559809809810201e+02   1.3038792493643000e-17
   4.0658058058058401e+02   1.3020344408776500e-17
   4.0756306306306698e+02   1.3001896323910100e-17
   4.0854554554554898e+02   1.2983448239043600e-17
   4.0952802802803200e+02   1.2965000154177100e-17
   4.1051051051051400e+02   1.2946552069310600e-17
   4.1149299299299702e+02   1.2928103984444100e-17
   4.1247547547547902e+02   1.2909655899577700e-17
   4.1345795795796198e+02   1.2891207814711200e-17
   4.1444044044044398e+02   1.2872759729844700e-17
   4.1542292292292700e+02   1.2854311644978200e-17
   4.1640540540540900e+02   1.2835863560111800e-17
   4.1738788788789202e+02   1.2817415475245300e-17
   4.1837037037037402e+02   1.2798967390378800e-17
   4.1935285285285698e+02   1.2780519305512300e-17
   4.2033533533533898e+02   1.2762071220645900e-17
   4.2131781781782200e+02   1.2743623135779400e-17
   4.2230030030030400e+02   1.2725175050912900e-17
   4.2328278278278702e+02   1.2706726966046400e-17
   4.2426526526526902e+02   1.2688278881180000e-17
   4.2524774774775199e+02   1.2669830796313500e-17
   4.2623023023023399e+02   1.2651382711447000e-17
   4.2721271271271701e+02   1.2632934626580500e-17
   4.2819519519519901e+02   1.2614486541714100e-17
   4.2917767767768203e+02   1.2596038456847600e-17
   4.3016016016016403e+02   1.2577590371981100e-17
   4.3114264264264699e+02   1.2559142287114600e-17
   4.3212512512512899e+02   1.2540694202248100e-17
   4.3310760760761201e+02   1.2522246117381700e-17
   4.3409009009009401e+02   1.2503798032515200e-17
   4.3507257257257697e+02   1.2485349947648700e-17
   4.3605505505505897e+02   1.2466901862782200e-17
   4.3703753753754199e+02   1.2448453777915800e-17
   4.3802002002002399e+02   1.2430005693049300e-17
   4.3900250250250701e+02   1.2411557608182800e-17
   4.3998498498498901e+02   1.2393109523316300e-17
   4.4096746746747198e+02   1.2374661438449900e-17
   4.4194994994995398e+02   1.2356213353583400e-17
   4.4293243243243700e+02   1.2337765268716900e-17
   4.4391491491491900e+02   1.2319317183850400e-17
   4.4489739739740202e+02   1.2300869098984000e-17
   4.4587987987988402e+02   1.2282421014117500e-17
   4.4686236236236698e+02   1.2263972929251000e-17
   4.4784484484484898e+02   1.2245524844384500e-17
   4.4882732732733200e+02   1.2227076759518100e-17
   4.4980980980981502e+02   1.2208628674651600e-17
   4.5079229229229702e+02   1.2193713849136400e-17
   4.5177477477477998e+02   1.2179647184425700e-17
   4.5275725725726198e+02   1.2165580519715100e-17
   4.5373973973974500e+02   1.2151513855004399e-17
   4.5472222222222700e+02   1.2137447190293701e-17
   4.5570470470471002e+02   1.2123380525583000e-17
   4.5668718718719202e+02   1.2109313860872300e-17
   4.5766966966967499e+02   1.2095247196161600e-17
   4.5865215215215699e+02   1.2081180531450899e-17
   4.5963463463464001e+02   1.2067113866740201e-17
   4.6061711711712201e+02   1.2053047202029500e-17
   4.6159959959960503e+02   1.2038980537318900e-17
   4.6258208208208703e+02   1.2024913872608200e-17
   4.6356456456456999e+02   1.2010847207897499e-17
   4.6454704704705199e+02   1.1996780543186801e-17
   4.6552952952953501e+02   1.1982713878476100e-17
   4.6651201201201701e+02   1.1968647213765400e-17
   4.6749449449449997e+02   1.1954580549054700e-17
   4.6847697697698197e+02   1.1940513884343999e-17
   4.6945945945946499e+02   1.1926447219633401e-17
   4.7044194194194699e+02   1.1912380554922700e-17
   4.7142442442443001e+02   1.1898313890212000e-17
   4.7240690690691201e+02   1.1884247225501300e-17
   4.7338938938939498e+02   1.1870180560790599e-17
   4.7437187187187698e+02   1.1856113896079901e-17
   4.7535435435436000e+02   1.1842047231369200e-17
   4.7633683683684200e+02   1.1827980566658500e-17
   4.7731931931932502e+02   1.1813913901947800e-17
   4.7830180180180702e+02   1.1799847237237200e-17
   4.7928428428428998e+02   1.1785780572526501e-17
   4.8026676676677198e+02   1.1771713907815800e-17
   4.8124924924925500e+02   1.1757647243105100e-17
   4.8223173173173700e+02   1.1743580578394400e-17
   4.8321421421422002e+02   1.1729513913683699e-17
   4.8419669669670202e+02   1.1715447248973001e-17
   4.8517917917918498e+02   1.1701380584262300e-17
   4.8616166166166698e+02   1.1687313919551700e-17
   4.8714414414415000e+02   1.1673247254841000e-17
   4.8812662662663200e+02   1.1659180590130300e-17
   4.8910910910911502e+02   1.1645113925419601e-17
   4.9009159159159702e+02   1.1631047260708900e-17
   4.9107407407407999e+02   1.1616980595998200e-17
   4.9205655655656199e+02   1.1602913931287500e-17
   4.9303903903904501e+02   1.1588847266576799e-17
   4.9402152152152701e+02   1.1574780601866199e-17
   4.9500400400401003e+02   1.1560713937155501e-17
   4.9598648648649203e+02   1.1546647272444800e-17
   4.9696896896897499e+02   1.1532580607734100e-17
   4.9795145145145801e+02   1.1518513943023400e-17
   4.9893393393394001e+02   1.1504447278312701e-17
   4.9991641641642298e+02   1.1490380613602000e-17
   5.0089889889890497e+02   1.1478212795323999e-17
   5.0188138138138800e+02   1.1466221540160800e-17
   5.0286386386386999e+02   1.1454230284997600e-17
   5.0384634634635302e+02   1.1442239029834401e-17
   5.0482882882883501e+02   1.1430247774671100e-17
   5.0581131131131798e+02   1.1418256519507899e-17
   5.0679379379379998e+02   1.1406265264344700e-17
   5.0777627627628300e+02   1.1394274009181500e-17
   5.0875875875876500e+02   1.1382282754018301e-17
   5.0974124124124802e+02   1.1370291498855100e-17
   5.1072372372373002e+02   1.1358300243691899e-17
   5.1170620620621298e+02   1.1346308988528700e-17
   5.1268868868869504e+02   1.1334317733365500e-17
   5.1367117117117800e+02   1.1322326478202301e-17
   5.1465365365365994e+02   1.1310335223039100e-17
   5.1563613613614302e+02   1.1298343967875799e-17
   5.1661861861862496e+02   1.1286352712712600e-17
   5.1760110110110804e+02   1.1274361457549400e-17
   5.1858358358358998e+02   1.1262370202386201e-17
   5.1956606606607295e+02   1.1250378947223000e-17
   5.2054854854855500e+02   1.1238387692059799e-17
   5.2153103103103797e+02   1.1226396436896600e-17
   5.2251351351352002e+02   1.1214405181733400e-17
   5.2349599599600299e+02   1.1202413926570201e-17
   5.2447847847848504e+02   1.1190422671407000e-17
   5.2546096096096801e+02   1.1178431416243699e-17
   5.2644344344344995e+02   1.1166440161080500e-17
   5.2742592592593303e+02   1.1154448905917300e-17
   5.2840840840841497e+02   1.1142457650754101e-17
   5.2939089089089805e+02   1.1130466395590900e-17
   5.3037337337337999e+02   1.1118475140427699e-17
   5.3135585585586296e+02   1.1106483885264500e-17
   5.3233833833834501e+02   1.1094492630101300e-17
   5.3332082082082798e+02   1.1082501374938101e-17
   5.3430330330331003e+02   1.1070510119774900e-17
   5.3528578578579300e+02   1.1058518864611699e-17
   5.3626826826827505e+02   1.1046527609448400e-17
   5.3725075075075802e+02   1.1034536354285200e-17
   5.3823323323323996e+02   1.1022545099122001e-17
   5.3921571571572304e+02   1.1010553843958800e-17
   5.4019819819820498e+02   1.0998562588795599e-17
   5.4118068068068806e+02   1.0986571333632400e-17
   5.4216316316317000e+02   1.0974580078469200e-17
   5.4314564564565296e+02   1.0962588823306001e-17
   5.4412812812813502e+02   1.0950597568142800e-17
   5.4511061061061798e+02   1.0938606312979600e-17
   5.4609309309310004e+02   1.0926615057816400e-17
   5.4707557557558300e+02   1.0914623802653100e-17
   5.4805805805806597e+02   1.0902632547489901e-17
   5.4904054054054802e+02   1.0890641292326700e-17
   5.5002302302303099e+02   1.0878650037163499e-17
   5.5100550550551304e+02   1.0866658782000300e-17
   5.5198798798799601e+02   1.0854667526837100e-17
   5.5297047047047795e+02   1.0842676271673901e-17
   5.5395295295296103e+02   1.0830685016510700e-17
   5.5493543543544297e+02   1.0818693761347500e-17
   5.5591791791792605e+02   1.0806702506184300e-17
   5.5690040040040799e+02   1.0794711251021000e-17
   5.5788288288289095e+02   1.0782719995857801e-17
   5.5886536536537301e+02   1.0770728740694600e-17
   5.5984784784785597e+02   1.0758737485531399e-17
   5.6083033033033803e+02   1.0746746230368200e-17
   5.6181281281282099e+02   1.0734754975205000e-17
   5.6279529529530305e+02   1.0722763720041801e-17
   5.6377777777778601e+02   1.0710772464878600e-17
   5.6476026026026796e+02   1.0698781209715400e-17
   5.6574274274275103e+02   1.0686789954552201e-17
   5.6672522522523298e+02   1.0674798699388900e-17
   5.6770770770771605e+02   1.0662807444225701e-17
   5.6869019019019800e+02   1.0650816189062500e-17
   5.6967267267268096e+02   1.0638824933899300e-17
   5.7065515515516302e+02   1.0626833678736100e-17
   5.7163763763764598e+02   1.0614842423572900e-17
   5.7262012012012804e+02   1.0602851168409699e-17
   5.7360260260261100e+02   1.0590859913246500e-17
   5.7458508508509306e+02   1.0578868658083300e-17
   5.7556756756757602e+02   1.0566877402920101e-17
   5.7655005005005796e+02   1.0554886147756900e-17
   5.7753253253254104e+02   1.0542894892593601e-17
   5.7851501501502298e+02   1.0530903637430400e-17
   5.7949749749750595e+02   1.0518912382267200e-17
   5.8047997997998800e+02   1.0506921127104000e-17
   5.8146246246247097e+02   1.0494929871940800e-17
   5.8244494494495302e+02   1.0482938616777599e-17
   5.8342742742743599e+02   1.0470947361614400e-17
   5.8440990990991804e+02   1.0458956106451200e-17
   5.8539239239240101e+02   1.0446964851288001e-17
   5.8637487487488295e+02   1.0434973596124800e-17
   5.8735735735736603e+02   1.0422982340961599e-17
   5.8833983983984797e+02   1.0410991085798300e-17
   5.8932232232233105e+02   1.0398999830635100e-17
   5.9030480480481299e+02   1.0387008575471901e-17
   5.9128728728729595e+02   1.0375017320308700e-17
   5.9226976976977801e+02   1.0363026065145499e-17
   5.9325225225226097e+02   1.0351034809982300e-17
   5.9423473473474303e+02   1.0339043554819100e-17
   5.9521721721722599e+02   1.0327052299655901e-17
   5.9619969969970896e+02   1.0315061044492700e-17
   5.9718218218219101e+02   1.0303069789329499e-17
   5.9816466466467398e+02   1.0291078534166200e-17
   5.9914714714715603e+02   1.0279087279003000e-17
   6.0012962962963900e+02   1.0267415493827099e-17
   6.0111211211212105e+02   1.0257845549802600e-17
   6.0209459459460402e+02   1.0248275605778100e-17
   6.0307707707708596e+02   1.0238705661753599e-17
   6.0405955955956904e+02   1.0229135717729101e-17
   6.0504204204205098e+02   1.0219565773704700e-17
   6.0602452452453394e+02   1.0209995829680200e-17
   6.0700700700701600e+02   1.0200425885655699e-17
   6.0798948948949896e+02   1.0190855941631200e-17
   6.0897197197198102e+02   1.0181285997606700e-17
   6.0995445445446398e+02   1.0171716053582199e-17
   6.1093693693694604e+02   1.0162146109557700e-17
   6.1191941941942900e+02   1.0152576165533300e-17
   6.1290190190191095e+02   1.0143006221508800e-17
   6.1388438438439402e+02   1.0133436277484301e-17
   6.1486686686687597e+02   1.0123866333459800e-17
   6.1584934934935904e+02   1.0114296389435300e-17
   6.1683183183184099e+02   1.0104726445410801e-17
   6.1781431431432395e+02   1.0095156501386400e-17
   6.1879679679680601e+02   1.0085586557361900e-17
   6.1977927927928897e+02   1.0076016613337399e-17
   6.2076176176177103e+02   1.0066446669312900e-17
   6.2174424424425399e+02   1.0056876725288400e-17
   6.2272672672673605e+02   1.0047306781263900e-17
   6.2370920920921901e+02   1.0037736837239401e-17
   6.2469169169170095e+02   1.0028166893215000e-17
   6.2567417417418403e+02   1.0018596949190500e-17
   6.2665665665666597e+02   1.0009027005165999e-17
   6.2763913913914905e+02   9.9994570611415096e-18
   6.2862162162163099e+02   9.9898871171170307e-18
   6.2960410410411396e+02   9.9803171730925394e-18
   6.3058658658659601e+02   9.9707472290680605e-18
   6.3156906906907898e+02   9.9611772850435693e-18
   6.3255155155156103e+02   9.9516073410190904e-18
   6.3353403403404400e+02   9.9420373969946007e-18
   6.3451651651652605e+02   9.9324674529701202e-18
   6.3549899899900902e+02   9.9228975089456305e-18
   6.3648148148149096e+02   9.9133275649211501e-18
   6.3746396396397404e+02   9.9037576208966696e-18
   6.3844644644645598e+02   9.8941876768721799e-18
   6.3942892892893894e+02   9.8846177328476902e-18
   6.4041141141142100e+02   9.8750477888232098e-18
   6.4139389389390396e+02   9.8654778447987293e-18
   6.4237637637638602e+02   9.8559079007742396e-18
   6.4335885885886898e+02   9.8463379567497607e-18
   6.4434134134135104e+02   9.8367680127252695e-18
   6.4532382382383400e+02   9.8271980687007906e-18
   6.4630630630631697e+02   9.8176281246762993e-18
   6.4728878878879902e+02   9.8080581806518204e-18
   6.4827127127128199e+02   9.7984882366273400e-18
   6.4925375375376404e+02   9.7889182926028503e-18
   6.5023623623624701e+02   9.7793483485783698e-18
   6.5121871871872895e+02   9.7697784045538801e-18
   6.5220120120121203e+02   9.7602084605293997e-18
   6.5318368368369397e+02   9.7506385165049100e-18
   6.5416616616617705e+02   9.7410685724804295e-18
   6.5514864864865899e+02   9.7314986284559398e-18
   6.5613113113114196e+02   9.7219286844314594e-18
   6.5711361361362401e+02   9.7123587404069697e-18
   6.5809609609610698e+02   9.7027887963824907e-18
   6.5907857857858903e+02   9.6932188523580103e-18
   6.6006106106107200e+02   9.6836489083335206e-18
   6.6104354354355405e+02   9.6740789643090401e-18
   6.6202602602603702e+02   9.6645090202845504e-18
   6.6300850850851896e+02   9.6549390762600700e-18
   6.6399099099100204e+02   9.6453691322355803e-18
   6.6497347347348398e+02   9.6357991882110998e-18
   6.6595595595596706e+02   9.6262292441866101e-18
   6.6693843843844900e+02   9.6166593001621297e-18
   6.6792092092093196e+02   9.6070893561376400e-18
   6.6890340340341402e+02   9.5975194121131595e-18
   6.6988588588589698e+02   9.5879494680886698e-18
   6.7086836836837904e+02   9.5783795240641894e-18
   6.7185085085086200e+02   9.5688095800397105e-18
   6.7283333333334394e+02   9.5592396360152192e-18
   6.7381581581582702e+02   9.5496696919907403e-18
   6.7479829829830896e+02   9.5400997479662506e-18
   6.7578078078079204e+02   9.5305298039417702e-18
   6.7676326326327398e+02   9.5209598599172805e-18
   6.7774574574575695e+02   9.5113899158928000e-18
   6.7872822822823900e+02   9.5018199718683103e-18
   6.7971071071072197e+02   9.4922500278438299e-18
   6.8069319319320402e+02   9.4826800838193402e-18
   6.8167567567568699e+02   9.4731101397948597e-18
   6.8265815815816904e+02   9.4635401957703793e-18
   6.8364064064065201e+02   9.4539702517458896e-18
   6.8462312312313395e+02   9.4444003077214107e-18
   6.8560560560561703e+02   9.4348303636969194e-18
   6.8658808808809897e+02   9.4252604196724405e-18
   6.8757057057058205e+02   9.4156904756479493e-18
   6.8855305305306399e+02   9.4061205316234704e-18
   6.8953553553554696e+02   9.3965505875989807e-18
   6.9051801801802901e+02   9.3869806435745002e-18
   6.9150050050051198e+02   9.3774106995500198e-18
   6.9248298298299403e+02   9.3678407555255301e-18
   6.9346546546547700e+02   9.3582708115010496e-18
   6.9444794794795996e+02   9.3487008674765599e-18
   6.9543043043044202e+02   9.3391309234520795e-18
   6.9641291291292498e+02   9.3295609794275898e-18
   6.9739539539540704e+02   9.3199910354031093e-18
   6.9837787787789000e+02   9.3104210913786196e-18
   6.9936036036037206e+02   9.3008511473541407e-18
   7.0034284284285502e+02   9.2919249597297501e-18
   7.0132532532533696e+02   9.2841998241919198e-18
   7.0230780780782004e+02   9.2764746886540802e-18
   7.0329029029030198e+02   9.2687495531162407e-18
   7.0427277277278495e+02   9.2610244175784104e-18
   7.0525525525526700e+02   9.2532992820405693e-18
   7.0623773773774997e+02   9.2455741465027298e-18
   7.0722022022023202e+02   9.2378490109648995e-18
   7.0820270270271499e+02   9.2301238754270599e-18
   7.0918518518519704e+02   9.2223987398892204e-18
   7.1016766766768001e+02   9.2146736043513901e-18
   7.1115015015016195e+02   9.2069484688135506e-18
   7.1213263263264503e+02   9.1992233332757095e-18
   7.1311511511512697e+02   9.1914981977378699e-18
   7.1409759759761005e+02   9.1837730622000396e-18
   7.1508008008009199e+02   9.1760479266622001e-18
   7.1606256256257495e+02   9.1683227911243606e-18
   7.1704504504505701e+02   9.1605976555865303e-18
   7.1802752752753997e+02   9.1528725200486907e-18
   7.1901001001002203e+02   9.1451473845108497e-18
   7.1999249249250499e+02   9.1374222489730194e-18
   7.2097497497498705e+02   9.1296971134351798e-18
   7.2195745745747001e+02   9.1219719778973403e-18
   7.2293993993995196e+02   9.1142468423595100e-18
   7.2392242242243503e+02   9.1065217068216704e-18
   7.2490490490491698e+02   9.0987965712838294e-18
   7.2588738738740005e+02   9.0910714357459898e-18
   7.2686986986988200e+02   9.0833463002081595e-18
   7.2785235235236496e+02   9.0756211646703200e-18
   7.2883483483484702e+02   9.0678960291324897e-18
   7.2981731731732998e+02   9.0601708935946501e-18
   7.3079979979981204e+02   9.0524457580568106e-18
   7.3178228228229500e+02   9.0447206225189695e-18
   7.3276476476477706e+02   9.0369954869811392e-18
   7.3374724724726002e+02   9.0292703514432997e-18
   7.3472972972974196e+02   9.0215452159054602e-18
   7.3571221221222504e+02   9.0138200803676299e-18
   7.3669469469470698e+02   9.0060949448297903e-18
   7.3767717717718995e+02   8.9983698092919492e-18
   7.3865965965967200e+02   8.9906446737541205e-18
   7.3964214214215497e+02   8.9829195382162794e-18
   7.4062462462463702e+02   8.9751944026784399e-18
   7.4160710710711999e+02   8.9674692671406003e-18
   7.4258958958960295e+02   8.9597441316027700e-18
   7.4357207207208501e+02   8.9520189960649305e-18
   7.4455455455456797e+02   8.9442938605270894e-18
   7.4553703703705003e+02   8.9365687249892606e-18
   7.4651951951953299e+02   8.9288435894514196e-18
   7.4750200200201505e+02   8.9211184539135800e-18
   7.4848448448449801e+02   8.9133933183757497e-18
   7.4946696696697995e+02   8.9056681828379102e-18
   7.5044944944946303e+02   8.8979430473000707e-18
   7.5143193193194497e+02   8.8902179117622404e-18
   7.5241441441442805e+02   8.8824927762243993e-18
   7.5339689689690999e+02   8.8747676406865597e-18
   7.5437937937939296e+02   8.8670425051487202e-18
   7.5536186186187501e+02   8.8593173696108899e-18
   7.5634434434435798e+02   8.8515922340730504e-18
   7.5732682682684003e+02   8.8438670985352093e-18
   7.5830930930932300e+02   8.8361419629973805e-18
   7.5929179179180505e+02   8.8284168274595394e-18
   7.6027427427428802e+02   8.8206916919216999e-18
   7.6125675675676996e+02   8.8129665563838696e-18
   7.6223923923925304e+02   8.8052414208460301e-18
   7.6322172172173498e+02   8.7975162853081905e-18
   7.6420420420421794e+02   8.7897911497703602e-18
   7.6518668668670000e+02   8.7820660142325207e-18
   7.6616916916918296e+02   8.7743408786946796e-18
   7.6715165165166502e+02   8.7666157431568401e-18
   7.6813413413414798e+02   8.7588906076190098e-18
   7.6911661661663004e+02   8.7511654720811702e-18
   7.7009909909911300e+02   8.7434403365433307e-18
   7.7108158158159495e+02   8.7357152010055004e-18
   7.7206406406407802e+02   8.7279900654676593e-18
   7.7304654654655997e+02   8.7202649299298198e-18
   7.7402902902904304e+02   8.7125397943919895e-18
   7.7501151151152499e+02   8.7048146588541499e-18
   7.7599399399400795e+02   8.6970895233163104e-18
   7.7697647647649001e+02   8.6893643877784801e-18
   7.7795895895897297e+02   8.6816392522406406e-18
   7.7894144144145503e+02   8.6739141167027995e-18
   7.7992392392393799e+02   8.6661889811649599e-18
   7.8090640640642005e+02   8.6584638456271296e-18
   7.8188888888890301e+02   8.6507387100892901e-18
   7.8287137137138495e+02   8.6430135745514506e-18
   7.8385385385386803e+02   8.6352884390136203e-18
   7.8483633633634997e+02   8.6275633034757807e-18
   7.8581881881883305e+02   8.6198381679379397e-18
   7.8680130130131499e+02   8.6121130324001094e-18
   7.8778378378379796e+02   8.6043878968622698e-18
   7.8876626626628001e+02   8.5966627613244303e-18
   7.8974874874876298e+02   8.5889376257866000e-18
   7.9073123123124503e+02   8.5812124902487604e-18
   7.9171371371372800e+02   8.5734873547109194e-18
   7.9269619619621096e+02   8.5657622191730798e-18
   7.9367867867869302e+02   8.5580370836352495e-18
   7.9466116116117598e+02   8.5503119480974100e-18
   7.9564364364365804e+02   8.5425868125595797e-18
   7.9662612612614100e+02   8.5348616770217401e-18
   7.9760860860862294e+02   8.5271365414839006e-18
   7.9859109109110602e+02   8.5194114059460595e-18
   7.9957357357358796e+02   8.5116862704082292e-18
   8.0055605605607104e+02   8.5047442151921098e-18
   8.0153853853855298e+02   8.4984026860192598e-18
   8.0252102102103595e+02   8.4920611568464099e-18
   8.0350350350351800e+02   8.4857196276735599e-18
   8.0448598598600097e+02   8.4793780985007099e-18
   8.0546846846848302e+02   8.4730365693278599e-18
   8.0645095095096599e+02   8.4666950401550006e-18
   8.0743343343344804e+02   8.4603535109821506e-18
   8.0841591591593101e+02   8.4540119818093006e-18
   8.0939839839841295e+02   8.4476704526364506e-18
   8.1038088088089603e+02   8.4413289234636006e-18
   8.1136336336337797e+02   8.4349873942907506e-18
   8.1234584584586105e+02   8.4286458651179006e-18
   8.1332832832834299e+02   8.4223043359450506e-18
   8.1431081081082596e+02   8.4159628067721899e-18
   8.1529329329330801e+02   8.4096212775993399e-18
   8.1627577577579098e+02   8.4032797484264899e-18
   8.1725825825827303e+02   8.3969382192536399e-18
   8.1824074074075600e+02   8.3905966900807899e-18
   8.1922322322323805e+02   8.3842551609079399e-18
   8.2020570570572102e+02   8.3779136317350899e-18
   8.2118818818820296e+02   8.3715721025622399e-18
   8.2217067067068604e+02   8.3652305733893899e-18
   8.2315315315316798e+02   8.3588890442165307e-18
   8.2413563563565106e+02   8.3525475150436807e-18
   8.2511811811813300e+02   8.3462059858708307e-18
   8.2610060060061596e+02   8.3398644566979807e-18
   8.2708308308309802e+02   8.3335229275251307e-18
   8.2806556556558098e+02   8.3271813983522807e-18
   8.2904804804806304e+02   8.3208398691794307e-18
   8.3003053053054600e+02   8.3144983400065807e-18
   8.3101301301302794e+02   8.3081568108337199e-18
   8.3199549549551102e+02   8.3018152816608699e-18
   8.3297797797799296e+02   8.2954737524880199e-18
   8.3396046046047604e+02   8.2891322233151699e-18
   8.3494294294295798e+02   8.2827906941423199e-18
   8.3592542542544095e+02   8.2764491649694699e-18
   8.3690790790792300e+02   8.2701076357966199e-18
   8.3789039039040597e+02   8.2637661066237699e-18
   8.3887287287288802e+02   8.2574245774509199e-18
   8.3985535535537099e+02   8.2510830482780607e-18
   8.4083783783785395e+02   8.2447415191052107e-18
   8.4182032032033601e+02   8.2383999899323607e-18
   8.4280280280281897e+02   8.2320584607595107e-18
   8.4378528528530103e+02   8.2257169315866607e-18
   8.4476776776778399e+02   8.2193754024138107e-18
   8.4575025025026605e+02   8.2130338732409607e-18
   8.4673273273274901e+02   8.2066923440681107e-18
   8.4771521521523096e+02   8.2003508148952499e-18
   8.4869769769771403e+02   8.1940092857223999e-18
   8.4968018018019598e+02   8.1876677565495499e-18
   8.5066266266267905e+02   8.1813262273766999e-18
   8.5164514514516100e+02   8.1749846982038499e-18
   8.5262762762764396e+02   8.1686431690310000e-18
   8.5361011011012602e+02   8.1623016398581500e-18
   8.5459259259260898e+02   8.1559601106853000e-18
   8.5557507507509104e+02   8.1496185815124500e-18
   8.5655755755757400e+02   8.1432770523395907e-18
   8.5754004004005606e+02   8.1369355231667407e-18
   8.5852252252253902e+02   8.1305939939938907e-18
   8.5950500500502096e+02   8.1242524648210407e-18
   8.6048748748750404e+02   8.1179109356481907e-18
   8.6146996996998598e+02   8.1115694064753407e-18
   8.6245245245246895e+02   8.1052278773024907e-18
   8.6343493493495100e+02   8.0988863481296407e-18
   8.6441741741743397e+02   8.0925448189567800e-18
   8.6539989989991602e+02   8.0862032897839300e-18
   8.6638238238239899e+02   8.0798617606110800e-18
   8.6736486486488104e+02   8.0735202314382300e-18
   8.6834734734736401e+02   8.0671787022653800e-18
   8.6932982982984595e+02   8.0608371730925300e-18
   8.7031231231232903e+02   8.0544956439196800e-18
   8.7129479479481097e+02   8.0481541147468300e-18
   8.7227727727729405e+02   8.0418125855739800e-18
   8.7325975975977599e+02   8.0354710564011208e-18
   8.7424224224225895e+02   8.0291295272282708e-18
   8.7522472472474101e+02   8.0227879980554208e-18
   8.7620720720722397e+02   8.0164464688825708e-18
   8.7718968968970603e+02   8.0101049397097208e-18
   8.7817217217218899e+02   8.0037634105368692e-18
   8.7915465465467105e+02   7.9974218813640192e-18
   8.8013713713715401e+02   7.9910803521911692e-18
   8.8111961961963596e+02   7.9847388230183100e-18
   8.8210210210211903e+02   7.9783972938454600e-18
   8.8308458458460098e+02   7.9720557646726100e-18
   8.8406706706708405e+02   7.9657142354997600e-18
   8.8504954954956600e+02   7.9593727063269100e-18
   8.8603203203204896e+02   7.9530311771540600e-18
   8.8701451451453102e+02   7.9466896479812100e-18
   8.8799699699701398e+02   7.9403481188083600e-18
   8.8897947947949604e+02   7.9340065896355100e-18
   8.8996196196197900e+02   7.9276650604626492e-18
   8.9094444444446196e+02   7.9213235312897992e-18
   8.9192692692694402e+02   7.9149820021169493e-18
   8.9290940940942698e+02   7.9086404729440993e-18
   8.9389189189190904e+02   7.9022989437712493e-18
   8.9487437437439200e+02   7.8959574145983993e-18
   8.9585685685687395e+02   7.8896158854255493e-18
   8.9683933933935702e+02   7.8832743562526993e-18
   8.9782182182183897e+02   7.8769328270798400e-18
   8.9880430430432205e+02   7.8705912979069900e-18
   8.9978678678680399e+02   7.8642497687341400e-18
   9.0076926926928695e+02   7.8586304684568702e-18
   9.0175175175176901e+02   7.8532113435273399e-18
   9.0273423423425197e+02   7.8477922185978096e-18
   9.0371671671673403e+02   7.8423730936682901e-18
   9.0469919919921699e+02   7.8369539687387598e-18
   9.0568168168169905e+02   7.8315348438092294e-18
   9.0666416416418201e+02   7.8261157188797099e-18
   9.0764664664666395e+02   7.8206965939501796e-18
   9.0862912912914703e+02   7.8152774690206493e-18
   9.0961161161162897e+02   7.8098583440911205e-18
   9.1059409409411205e+02   7.8044392191615902e-18
   9.1157657657659399e+02   7.7990200942320707e-18
   9.1255905905907696e+02   7.7936009693025404e-18
   9.1354154154155901e+02   7.7881818443730101e-18
   9.1452402402404198e+02   7.7827627194434905e-18
   9.1550650650652403e+02   7.7773435945139602e-18
   9.1648898898900700e+02   7.7719244695844299e-18
   9.1747147147148905e+02   7.7665053446548996e-18
   9.1845395395397202e+02   7.7610862197253801e-18
   9.1943643643645396e+02   7.7556670947958498e-18
   9.2041891891893704e+02   7.7502479698663195e-18
   9.2140140140141898e+02   7.7448288449367907e-18
   9.2238388388390194e+02   7.7394097200072696e-18
   9.2336636636638400e+02   7.7339905950777393e-18
   9.2434884884886696e+02   7.7285714701482106e-18
   9.2533133133134902e+02   7.7231523452186802e-18
   9.2631381381383198e+02   7.7177332202891607e-18
   9.2729629629631404e+02   7.7123140953596304e-18
   9.2827877877879700e+02   7.7068949704301001e-18
   9.2926126126127895e+02   7.7014758455005806e-18
   9.3024374374376202e+02   7.6960567205710503e-18
   9.3122622622624397e+02   7.6906375956415200e-18
   9.3220870870872704e+02   7.6852184707119896e-18
   9.3319119119120899e+02   7.6797993457824701e-18
   9.3417367367369195e+02   7.6743802208529398e-18
   9.3515615615617401e+02   7.6689610959234095e-18
   9.3613863863865697e+02   7.6635419709938807e-18
   9.3712112112113903e+02   7.6581228460643597e-18
   9.3810360360362199e+02   7.6527037211348293e-18
   9.3908608608610496e+02   7.6472845962053006e-18
   9.4006856856858701e+02   7.6418654712757703e-18
   9.4105105105106998e+02   7.6364463463462507e-18
   9.4203353353355203e+02   7.6310272214167204e-18
   9.4301601601603500e+02   7.6256080964871901e-18
   9.4399849849851705e+02   7.6201889715576598e-18
   9.4498098098100002e+02   7.6147698466281403e-18
   9.4596346346348196e+02   7.6093507216986100e-18
   9.4694594594596504e+02   7.6039315967690797e-18
   9.4792842842844698e+02   7.5985124718395601e-18
   9.4891091091093006e+02   7.5930933469100298e-18
   9.4989339339341200e+02   7.5876742219804995e-18
   9.5087587587589496e+02   7.5822550970509707e-18
   9.5185835835837702e+02   7.5768359721214497e-18
   9.5284084084085998e+02   7.5714168471919194e-18
   9.5382332332334204e+02   7.5659977222623906e-18
   9.5480580580582500e+02   7.5605785973328603e-18
   9.5578828828830694e+02   7.5551594724033408e-18
   9.5677077077079002e+02   7.5497403474738105e-18
   9.5775325325327196e+02   7.5443212225442801e-18
   9.5873573573575504e+02   7.5389020976147498e-18
   9.5971821821823698e+02   7.5334829726852303e-18
   9.6070070070071995e+02   7.5280638477557000e-18
   9.6168318318320200e+02   7.5226447228261697e-18
   9.6266566566568497e+02   7.5172255978966394e-18
   9.6364814814816702e+02   7.5118064729671199e-18
   9.6463063063064999e+02   7.5063873480375895e-18
   9.6561311311313204e+02   7.5009682231080592e-18
   9.6659559559561501e+02   7.4955490981785397e-18
   9.6757807807809695e+02   7.4901299732490094e-18
   9.6856056056058003e+02   7.4847108483194806e-18
   9.6954304304306197e+02   7.4792917233899503e-18
   9.7052552552554505e+02   7.4738725984604293e-18
   9.7150800800802699e+02   7.4684534735309005e-18
   9.7249049049050996e+02   7.4630343486013702e-18
   9.7347297297299201e+02   7.4576152236718399e-18
   9.7445545545547498e+02   7.4521960987423203e-18
   9.7543793793795703e+02   7.4467769738127900e-18
   9.7642042042044000e+02   7.4413578488832597e-18
   9.7740290290292205e+02   7.4359387239537294e-18
   9.7838538538540502e+02   7.4305195990242099e-18
   9.7936786786788696e+02   7.4251004740946796e-18
   9.8035035035037004e+02   7.4196813491651493e-18
   9.8133283283285198e+02   7.4142622242356297e-18
   9.8231531531533506e+02   7.4088430993060994e-18
   9.8329779779781700e+02   7.4034239743765707e-18
   9.8428028028029996e+02   7.3980048494470403e-18
   9.8526276276278202e+02   7.3925857245175100e-18
   9.8624524524526498e+02   7.3871665995879905e-18
   9.8722772772774704e+02   7.3817474746584602e-18
   9.8821021021023000e+02   7.3763283497289299e-18
   9.8919269269271297e+02   7.3709092247994104e-18
   9.9017517517519502e+02   7.3654900998698801e-18
   9.9115765765767799e+02   7.3600709749403497e-18
   9.9214014014016004e+02   7.3546518500108194e-18
   9.9312262262264301e+02   7.3492327250812999e-18
   9.9410510510512495e+02   7.3438136001517696e-18
   9.9508758758760803e+02   7.3383944752222393e-18
   9.9607007007008997e+02   7.3329753502927105e-18
   9.9705255255257305e+02   7.3275562253631894e-18
   9.9803503503505499e+02   7.3221371004336607e-18
   9.9901751751753795e+02   7.3167179755041304e-18
   1.0000000000000000e+03   7.3112988505747202e-18
